2 5
1 3 4 5
2 4 8
2 3 5 7 8
1 2 4 6 7 9
5 9
4 5 8 9 10 11
3 4 7 10 11
5 6 7 10 14 13
7 8 9 11 16 15 14
7 8 10 16 17
6 13 18
6 9 14 19 18 12
13 9 10 15 20 19
14 10 16 20 
15 10 11 17 21 20
11 16 21 22
12 13 19 23
18 13 14 20 24 23
19 14 15 16 21 29 28 24
20 15 16 17 22 25 29
17 21 25
18 19 24
23 19 20 28 27
29 21 22 30
27 31
26 24 28 31
31 27 24 20 29 33 32
28 20 21 25 30 36 34 33
36 29 25 37
26 27 28 32 42
42 31 28 33 43
43 32 28 29 34
33 29 36 35
34 36
35 34 29 30 37
36 30
39
40 44
39 41 44
40 42 47 46 44
41 31 32 43 48 47
48 42 32 33
39 40 41 46 45
44 46
45 44 41
41 42 48
47 42 43
